   130.529
   140.010
   143.970
   141.672
   144.865
   144.928
   150.748
   149.886
   153.484
   157.734
   161.073
   160.322
   156.811
   164.967
   163.873
   164.750
   161.701
   169.140
   163.192
   170.376
   161.926
   160.382
   159.361
   159.536
   165.584
   161.111
   156.257
   152.677
   151.708
   155.572
   147.490
   143.800
   147.047
   147.563
   141.513
   141.827
   137.860
   127.652
   126.419
   130.927
   128.427
   117.753
   122.414
   115.033
   117.037
   108.107
   105.434
   100.248
    99.098
   101.165
   100.524
   102.156
    94.808
    93.254
    89.413
    89.529
    91.194
    95.558
    92.616
    89.951
    87.025
    95.040
    95.422
    94.425
    94.825
    94.419
    99.550
    96.662
   102.544
   109.314
   107.304
   104.103
   114.512
   111.245
   121.642
   120.624
   117.378
   127.898
   130.591
   127.599
   131.304
   134.705
   137.052
   136.860
   138.200
